3188991
3188988
3048183
4919748
3695949
3704252
4057303
6194825
4920770
5120416
6794223
4832216
4277475
4625295
4982413
5365060
4835060
8145136
4107018
8083516
4009960
3992619
8818531
4982409
5120820
7507288
4772279
5419244
5135860
4553406
8088627
5229781
7236525
4684234
6193112
6117583
8925522
6875756
8071255
5027172
6785783
7467134
8486954
8760154
4555189
9757156
6463896
5893530
5417884
8928238
8763653
5705137
6225079
6225141
6225229
6715512
8735187
8541087
8049018
9087318
3127074
3249935
3326928
3015482
3191901
2324274
3201691
1538130
2099568
3111798
2795173
3196602
3044865
3248275
3326982
3141319
3191109
2022395
3191106
2795388
3188956
3524778
3127179
1990658
3209213
2873848
3251841
3761460
3249902
3209855
3253970
3255107
3044127
3205918
3197580
2873755
3044077
3015496
3201744
3198216
3044160
3126661
3196464
3191861
2324327
3188954
2046259
3201103
1676150
3576379
3959722
3198163
3115594
4139671
3198244
3327533
3252991
3253208
3402765
3722009
4584890
3198344
2324323
3195885
3682074
3209701
3196221
3044748
3704443
2355823
1277672
3189293
3197534
2963870
3197796
4057322
4038501
3197604
3704256
2964193
3327172
3992630
3785537
3704911
1627965
3682356
1363462
3700456
4065917
2795172
3704254
3249939
3253110
3558328
3710301
3255163
3198252
3201742
2795170
3189297
3209767
4010133
3704109
4265250
3622737
4008172
4297545
3044721
3182019
3201692
3044162
3959616
4115314
4155524
3252974
3205919
1748439
4080608
4124399
3252425
3189044
3044156
2836285
3205789
3327252
3722010
3044459
4080609
3201297
3201745
3201296
4072332
3326598
3252128
2324322
2941129
3327619
4392340
3682208
4075311
3970803
4079158
3252152
3704442
3189290
3971923
3699618
3209664
3205916
4277364
4109576
3196416
4196653
4071163
4881821
4104937
3209179
3982856
4071156
4267809
3992579
3252776
4204438
3704007
1538129
4057313
3327088
3402380
3694919
3248217
3196562
4008176
4107560
3198219
3198251
2963866
4586615
4148161
3327250
11466299
